ZUUU,2012-01	508.0,13.0,-1.0,5.861314,0.0,100.0,40.25,81.05149,0.0,0.0,0.0,0.0,13.41,0.0,3.7625408,0.0
ZUUU,2012-02	508.0,15.0,0.0,6.807229,0.0,100.0,33.35,77.2513,0.0,0.0,0.0,0.0,15.65,0.0,4.0876446,0.0
ZUUU,2012-03	508.0,26.0,1.0,12.531302,0.0,100.0,26.71,72.56411,0.0,0.0,0.0,0.0,17.88,0.0,4.294283,0.0
ZUUU,2012-04	508.0,31.0,11.0,19.443447,0.0,100.0,15.25,62.42379,0.0,0.0,0.0,0.0,22.35,0.0,4.6044173,0.0
ZUUU,2012-05	508.0,33.0,16.0,22.448454,0.0,100.0,23.07,72.674774,0.0,0.0,0.0,0.0,17.88,0.0,4.644641,0.0
ZUUU,2012-06	508.0,33.0,18.0,23.724394,0.0,100.0,31.72,78.091965,0.0,0.0,0.0,0.0,17.88,0.0,3.0813699,0.0
ZUUU,2012-07	508.0,35.0,21.0,26.373106,0.0,100.0,34.11,78.5215,0.0,0.0,0.0,0.0,22.35,0.0,3.4558818,0.0
ZUUU,2012-08	508.0,37.0,20.0,27.024263,0.0,100.0,31.45,75.138855,0.0,0.0,0.0,0.0,13.41,0.0,3.6271977,0.0
ZUUU,2012-09	508.0,32.0,15.0,22.216072,0.0,100.0,35.53,79.02452,0.0,0.0,0.0,0.0,13.41,0.0,3.6176677,0.0
ZUUU,2012-10	508.0,25.0,12.0,18.084602,0.0,100.0,27.26,81.36362,0.0,0.0,0.0,0.0,15.65,0.0,2.7883518,0.0
ZUUU,2012-11	508.0,22.0,5.0,12.077799,0.0,100.0,27.91,73.166695,0.0,0.0,0.0,0.0,15.65,0.0,3.4498003,0.0
ZUUU,2012-12	508.0,15.0,-1.0,7.948718,0.0,100.0,19.4,73.526,0.0,0.0,0.0,0.0,13.41,0.0,3.925371,0.0
ZUUU,2013-01	508.0,18.0,-2.0,7.0689654,0.0,100.0,19.94,72.54192,0.0,0.0,0.0,0.0,17.88,0.0,3.3673842,0.0
ZUUU,2013-02	508.0,21.0,2.0,10.492723,0.0,100.0,29.52,70.239204,0.0,0.0,0.0,0.0,20.12,0.0,4.2305923,0.0
ZUUU,2013-03	508.0,27.0,7.0,17.801834,0.0,100.0,14.81,54.103573,0.0,0.0,0.0,0.0,17.88,0.0,4.615635,0.0
ZUUU,2013-04	508.0,32.0,8.0,19.358675,0.0,100.0,19.4,63.089592,0.0,0.0,0.0,0.0,24.59,0.0,5.4264345,0.0
ZUUU,2013-05	508.0,35.0,14.0,22.566973,0.0,100.0,18.09,68.51823,0.0,0.0,0.0,0.0,24.59,0.0,5.460477,0.0
ZUUU,2013-06	508.0,34.0,18.0,26.005758,0.0,100.0,22.27,73.744095,0.0,0.0,0.0,0.0,17.88,0.0,4.707909,0.0
ZUUU,2013-07	508.0,36.0,22.0,26.851725,0.0,100.0,44.41,86.99587,0.0,0.0,0.0,0.0,26.83,0.0,4.2018847,0.0
ZUUU,2013-08	508.0,37.0,20.0,27.628803,0.0,100.0,28.9,72.53701,0.0,0.0,0.0,0.0,22.35,0.0,4.4584846,0.0
ZUUU,2013-09	508.0,32.0,15.0,21.84,0.0,100.0,39.02,78.69027,0.0,0.0,0.0,0.0,24.59,0.0,4.551989,0.0
ZUUU,2013-10	508.0,30.0,12.0,19.066238,0.0,93.97,32.73,75.738,0.0,0.0,0.0,0.0,15.65,0.0,3.540844,0.0
ZUUU,2013-11	508.0,20.0,4.0,13.032389,0.0,100.0,26.13,74.130974,0.0,0.0,0.0,0.0,15.65,0.0,3.693331,0.0
ZUUU,2013-12	508.0,19.0,0.0,7.570662,0.0,100.0,19.42,77.376564,0.0,0.0,0.0,0.0,8.94,0.0,2.1559875,0.0
ZUUU,2014-01	508.0,18.0,0.0,7.8996415,0.0,93.45,18.64,70.22538,0.0,0.0,0.0,0.0,13.41,0.0,2.685046,0.0
ZUUU,2014-02	508.0,18.0,1.0,7.925636,0.0,93.45,39.36,73.16604,0.0,0.0,0.0,0.0,17.88,0.0,4.4150343,0.0
ZUUU,2014-03	508.0,26.0,7.0,13.488281,0.0,93.79,27.83,68.81368,0.0,0.0,0.0,0.0,22.35,0.0,4.3057513,0.0
ZUUU,2014-04	508.0,29.0,11.0,19.505661,0.0,93.92,22.02,68.04653,0.0,0.0,0.0,0.0,20.12,0.0,4.6656847,0.0
ZUUU,2014-05	508.0,33.0,13.0,22.001984,0.0,93.97,22.28,61.44973,0.0,0.0,0.0,0.0,13.41,0.0,4.019153,0.0
ZUUU,2014-06	508.0,34.0,18.0,24.207317,0.0,94.01,30.9,73.87876,0.0,0.0,0.0,0.0,20.12,0.0,4.2081175,0.0
ZUUU,2014-07	508.0,37.0,21.0,26.753649,0.0,100.0,33.84,72.625595,0.0,0.0,0.0,0.0,22.35,0.0,4.214766,0.0
ZUUU,2014-08	508.0,34.0,19.0,25.49804,0.0,94.14,33.56,74.827034,0.0,0.0,0.0,0.0,17.88,0.0,3.950123,0.0
ZUUU,2014-09	508.0,31.0,17.0,22.90349,0.0,94.01,33.01,76.3489,0.0,0.0,0.0,0.0,11.18,0.0,3.778427,0.0
ZUUU,2014-10	508.0,29.0,13.0,19.259188,0.0,93.97,30.62,76.09078,0.0,0.0,0.0,0.0,15.65,0.0,3.498848,0.0
ZUUU,2014-11	508.0,21.0,8.0,13.205358,0.0,93.65,32.14,74.45781,0.0,0.0,0.0,0.0,11.18,0.0,2.9585812,0.0
ZUUU,2014-12	508.0,15.0,-1.0,7.3005567,0.0,93.5,16.45,67.74847,0.0,0.0,0.0,0.0,13.41,0.0,2.431034,0.0
ZUUU,2015-01	508.0,16.0,1.0,7.914855,0.0,93.4,31.28,77.0267,0.0,0.0,0.0,0.0,13.41,0.0,2.5357559,0.0
ZUUU,2015-02	508.0,21.0,0.0,10.319588,0.0,93.55,23.93,66.92112,0.0,0.0,0.0,0.0,17.88,0.0,3.9878252,0.0
ZUUU,2015-03	508.0,27.0,5.0,15.2102375,0.0,93.79,23.5,64.29495,0.0,0.0,0.0,0.0,17.88,0.0,4.5451035,0.0
ZUUU,2015-04	508.0,33.0,10.0,19.170975,0.0,93.88,19.79,64.9741,0.0,0.0,0.0,0.0,17.88,0.0,4.5868845,0.0
ZUUU,2015-05	508.0,33.0,16.0,23.525,0.0,94.06,12.76,58.425938,0.0,0.0,0.0,0.0,26.83,0.0,5.206772,0.0
ZUUU,2015-06	508.0,34.0,19.0,25.482626,0.0,94.14,20.79,67.39867,0.0,0.0,0.0,0.0,20.12,0.0,4.695813,0.0
ZUUU,2015-07	508.0,37.0,20.0,27.037245,0.0,94.14,20.62,65.24146,0.0,0.0,0.0,0.0,24.59,0.0,4.0846953,0.0
ZUUU,2015-08	508.0,37.0,20.0,25.357588,0.0,100.0,30.8,79.80098,0.0,0.0,0.0,0.0,24.59,0.0,4.7741637,0.0
ZUUU,2015-09	508.0,31.0,18.0,22.166666,0.0,100.0,47.52,85.93527,0.0,0.0,0.0,0.0,15.65,0.0,4.446584,0.0
ZUUU,2015-10	508.0,27.0,13.0,19.230263,0.0,100.0,31.9,80.0154,0.0,0.0,0.0,0.0,11.18,0.0,3.9377704,0.0
ZUUU,2015-11	508.0,21.0,6.0,14.663677,0.0,100.0,42.0,86.144966,0.0,0.0,0.0,0.0,13.41,0.0,3.775033,0.0
ZUUU,2015-12	508.0,18.0,0.0,8.821229,0.0,100.0,30.11,83.96171,0.0,0.0,0.0,0.0,11.18,0.0,2.248952,0.0
ZUUU,2016-01	508.0,17.0,-3.0,6.8547792,0.0,100.0,24.14,76.046104,0.0,0.0,0.0,0.0,20.12,0.0,3.8307445,0.0
ZUUU,2016-02	508.0,21.0,-1.0,9.152475,0.0,100.0,15.78,69.44435,0.0,0.0,0.0,0.0,15.65,0.0,3.134726,0.0
ZUUU,2016-03	508.0,23.0,6.0,14.661897,0.0,100.0,31.85,73.71097,0.0,0.0,0.0,0.0,15.65,0.0,3.8958402,0.0
ZUUU,2016-04	508.0,29.0,12.0,19.03063,0.0,100.0,32.46,77.437935,0.0,0.0,0.0,0.0,15.65,0.0,3.891521,0.0
ZUUU,2016-05	508.0,33.0,14.0,21.897997,0.0,100.0,25.95,71.579834,0.0,0.0,0.0,0.0,22.35,0.0,4.666704,0.0
ZUUU,2016-06	508.0,36.0,20.0,26.038532,0.0,100.0,31.45,75.481606,0.0,0.0,0.0,0.0,17.88,0.0,4.0901875,0.0
ZUUU,2016-07	508.0,36.0,21.0,27.357275,0.0,100.0,38.45,82.65385,0.0,0.0,0.0,0.0,22.35,0.0,3.9158075,0.0
ZUUU,2016-08	508.0,38.0,19.0,28.197025,0.0,100.0,37.9,78.81242,0.0,0.0,0.0,0.0,17.88,0.0,3.7444315,0.0
ZUUU,2016-09	508.0,33.0,18.0,22.482504,0.0,100.0,29.72,87.27798,0.0,0.0,0.0,0.0,13.41,0.0,3.2529,0.0
ZUUU,2016-10	508.0,32.0,11.0,19.209764,0.0,100.0,42.0,82.22582,0.0,0.0,0.0,0.0,22.35,0.0,3.4972954,0.0
ZUUU,2016-11	508.0,22.0,2.0,13.233716,0.0,100.0,33.05,82.54846,0.0,0.0,0.0,0.0,17.88,0.0,3.0025785,0.0
ZUUU,2016-12	508.0,16.0,3.0,10.080827,0.0,100.0,44.19,84.671555,0.0,0.0,0.0,0.0,13.41,0.0,2.9086394,0.0
ZUUU,2017-01	508.0,17.0,1.0,8.605406,0.0,100.0,29.35,80.32663,0.0,0.0,0.0,0.0,15.65,0.0,3.2312908,0.0
ZUUU,2017-02	508.0,21.0,3.0,9.652561,0.0,100.0,30.49,79.56969,0.0,0.0,0.0,0.0,20.12,0.0,3.7498333,0.0
ZUUU,2017-03	508.0,23.0,6.0,12.485455,0.0,100.0,25.88,79.42066,0.0,0.0,0.0,0.0,17.88,0.0,4.626129,0.0
ZUUU,2017-04	508.0,30.0,11.0,18.702042,0.0,100.0,33.29,74.13755,0.0,0.0,0.0,0.0,20.12,0.0,4.339174,0.0
ZUUU,2017-05	508.0,34.0,14.0,22.967154,0.0,100.0,21.54,68.01497,0.0,0.0,0.0,0.0,24.59,0.0,4.8469915,0.0
ZUUU,2017-06	508.0,33.0,18.0,24.892,0.0,100.0,38.18,75.86277,0.0,0.0,0.0,0.0,15.65,0.0,3.9841473,0.0
ZUUU,2017-07	508.0,38.0,21.0,28.033531,0.0,100.0,34.93,77.56973,0.0,0.0,0.0,0.0,20.12,0.0,3.911469,0.0
ZUUU,2017-08	508.0,36.0,20.0,27.367266,0.0,100.0,43.61,79.20748,0.0,0.0,0.0,0.0,31.3,0.0,5.0247936,0.0
ZUUU,2017-09	508.0,33.0,19.0,23.824356,0.0,100.0,38.18,80.6244,0.0,0.0,0.0,0.0,13.41,0.0,4.466332,0.0
ZUUU,2017-10	508.0,28.0,12.0,17.736238,0.0,100.0,56.13,88.07331,0.0,0.0,0.0,0.0,20.12,0.0,4.343495,0.0
ZUUU,2017-11	508.0,25.0,3.0,13.676605,0.0,100.0,35.28,79.98608,0.0,0.0,0.0,0.0,13.41,0.0,3.7440488,0.0
ZUUU,2017-12	508.0,17.0,-1.0,7.9932585,0.0,100.0,23.5,79.69495,0.0,0.0,0.0,0.0,17.88,0.0,2.9902613,0.0
ZUUU,2018-01	508.0,18.0,-3.0,6.408805,0.0,100.0,18.96,73.53618,0.0,0.0,0.0,0.0,20.12,0.0,4.9218097,0.0
ZUUU,2018-02	508.0,21.0,0.0,9.485577,0.0,100.0,23.65,69.93664,0.0,0.0,0.0,0.0,20.12,0.0,4.240495,0.0
ZUUU,2018-03	508.0,27.0,8.0,16.233644,0.0,100.0,30.49,75.86182,0.0,0.0,0.0,0.0,17.88,0.0,3.4016728,0.0
ZUUU,2018-04	508.0,32.0,9.0,19.753817,0.0,100.0,30.9,72.634384,0.0,0.0,0.0,0.0,33.53,0.0,3.8997624,0.0
ZUUU,2018-05	508.0,35.0,15.0,22.892733,0.0,100.0,28.9,71.91669,0.0,0.0,0.0,0.0,24.59,0.0,4.1850753,0.0
ZUUU,2018-06	508.0,33.0,17.0,24.64467,0.0,100.0,31.72,81.53826,0.0,0.0,0.0,0.0,20.12,0.0,3.105761,0.0
ZUUU,2018-07	508.0,36.0,21.0,26.303192,0.0,100.0,52.98,87.54841,0.0,0.0,0.0,0.0,29.06,0.0,3.6506667,0.0
ZUUU,2018-08	508.0,37.0,22.0,27.805807,0.0,100.0,41.23,79.543365,0.0,0.0,0.0,0.0,22.35,0.0,2.7066364,0.0
ZUUU,2018-09	508.0,35.0,17.0,22.374565,0.0,100.0,45.34,85.86044,0.0,0.0,0.0,0.0,22.35,0.0,3.1197815,0.0
ZUUU,2018-10	508.0,26.0,11.0,17.076124,0.0,100.0,34.13,84.60873,0.0,0.0,0.0,0.0,13.41,0.0,2.9861841,0.0
ZUUU,2018-11	508.0,25.0,5.0,12.389892,0.0,100.0,41.14,81.438995,0.0,0.0,0.0,0.0,15.65,0.0,2.8410575,0.0
ZUUU,2018-12	508.0,18.0,0.0,7.365416,0.0,100.0,41.42,81.80188,0.0,0.0,0.0,0.0,22.35,0.0,3.7236288,0.0
ZUUU,2019-01	508.0,14.0,0.0,7.2991734,0.0,100.0,30.69,77.15178,0.0,0.0,0.0,0.0,13.41,0.0,2.098855,0.0
ZUUU,2019-02	508.0,20.0,2.0,8.776062,0.0,100.0,25.32,77.716095,0.0,0.0,0.0,0.0,17.88,0.0,3.6512628,0.0
ZUUU,2019-03	508.0,28.0,5.0,14.164912,0.0,100.0,28.36,73.828636,0.0,0.0,0.0,0.0,13.41,0.0,3.8127263,0.0
ZUUU,2019-04	508.0,36.0,12.0,20.918367,0.0,100.0,27.29,72.35822,0.0,0.0,0.0,0.0,22.35,0.0,4.492082,0.0
ZUUU,2019-05	508.0,30.0,13.0,20.615246,0.0,100.0,37.35,80.84588,0.0,0.0,0.0,0.0,22.35,0.0,4.5971546,0.0
ZUUU,2019-06	508.0,34.0,18.0,25.51894,0.0,100.0,26.31,75.64894,0.0,0.0,0.0,0.0,13.41,0.0,4.856726,0.0
ZUUU,2019-07	508.0,36.0,20.0,25.616142,0.0,94.19,41.23,77.64157,0.0,0.0,0.0,0.0,17.88,0.0,4.189672,0.0
ZUUU,2019-08	508.0,37.0,20.0,27.373472,0.0,94.19,23.81,71.10026,0.0,0.0,0.0,0.0,15.65,0.0,4.2024274,0.0
ZUUU,2019-09	508.0,30.0,15.0,21.81091,0.0,100.0,30.9,81.94156,0.0,0.0,0.0,0.0,24.59,0.0,3.7845526,0.0
ZUUU,2019-10	508.0,26.0,10.0,18.595505,0.0,100.0,33.29,78.89137,0.0,0.0,0.0,0.0,20.12,0.0,3.675962,0.0
ZUUU,2019-11	508.0,22.0,6.0,13.251923,0.0,100.0,26.7,80.35692,0.0,0.0,0.0,0.0,15.65,0.0,3.1214144,0.0
ZUUU,2019-12	508.0,16.0,3.0,9.587813,0.0,100.0,24.71,75.45134,0.0,0.0,0.0,0.0,15.65,0.0,2.40417,0.0
ZUUU,2020-01	508.0,14.0,1.0,8.403378,0.0,100.0,28.2,79.17142,0.0,0.0,0.0,0.0,15.65,0.0,2.592301,0.0
ZUUU,2020-02	508.0,23.0,1.0,11.359856,0.0,100.0,19.4,68.074684,0.0,0.0,0.0,0.0,13.41,0.0,3.008075,0.0
ZUUU,2020-03	508.0,28.0,7.0,15.377856,0.0,100.0,15.71,64.67808,0.0,0.0,0.0,0.0,22.35,0.0,4.400866,0.0
ZUUU,2020-04	508.0,32.0,8.0,17.587902,0.0,100.0,11.74,64.89493,0.0,0.0,0.0,0.0,17.88,0.0,4.116493,0.0
ZUUU,2020-05	508.0,38.0,16.0,24.760757,0.0,100.0,11.23,58.347515,0.0,0.0,0.0,0.0,22.35,0.0,5.002426,0.0
ZUUU,2020-06	508.0,36.0,18.0,26.29588,0.0,100.0,20.38,74.391754,0.0,0.0,0.0,0.0,22.35,0.0,5.091068,0.0
ZUUU,2020-07	508.0,39.0,20.0,26.20893,0.0,100.0,15.08,66.86084,0.0,0.0,0.0,0.0,20.12,0.0,4.6750727,0.0
ZUUU,2020-08	508.0,36.0,20.0,26.138298,0.0,100.0,34.39,85.80503,0.0,0.0,0.0,0.0,26.83,0.0,4.6101284,0.0
ZUUU,2020-09	508.0,33.0,18.0,22.632353,0.0,100.0,26.05,84.68967,0.0,0.0,0.0,0.0,15.65,0.0,4.0481296,0.0
ZUUU,2020-10	508.0,23.0,11.0,17.13425,0.0,100.0,39.72,84.72926,0.0,0.0,0.0,0.0,15.65,0.0,3.8404875,0.0
ZUUU,2020-11	508.0,23.0,3.0,14.374149,0.0,100.0,35.09,80.43925,0.0,0.0,0.0,0.0,15.65,0.0,2.6388376,0.0
ZUUU,2020-12	508.0,13.0,-1.0,6.7003207,0.0,100.0,31.57,86.75821,0.0,0.0,0.0,0.0,15.65,0.0,2.816195,0.0
ZUUU,2021-01	508.0,18.0,-3.0,6.5740743,0.0,100.0,19.4,78.51409,0.0,0.0,0.0,0.0,17.88,0.0,3.041371,0.0
ZUUU,2021-02	508.0,24.0,4.0,12.601103,0.0,100.0,22.59,73.69938,0.0,0.0,0.0,0.0,15.65,0.0,3.0782292,0.0
ZUUU,2021-03	508.0,29.0,6.0,15.273345,0.0,100.0,19.79,77.12355,0.0,0.0,0.0,0.0,15.65,0.0,3.8602114,0.0
ZUUU,2021-04	508.0,30.0,12.0,17.555147,0.0,100.0,33.01,80.779625,0.0,0.0,0.0,0.0,17.88,0.0,4.2041984,0.0
ZUUU,2021-05	508.0,34.0,15.0,22.375912,0.0,100.0,29.99,76.243965,0.0,0.0,0.0,0.0,15.65,0.0,3.9451504,0.0
ZUUU,2021-06	508.0,34.0,18.0,25.242592,0.0,100.0,25.26,74.604256,0.0,0.0,0.0,0.0,20.12,0.0,3.9249122,0.0
ZUUU,2021-07	508.0,37.0,22.0,27.818506,0.0,100.0,27.1,78.47198,0.0,0.0,0.0,0.0,15.65,0.0,3.8628702,0.0
ZUUU,2021-08	508.0,39.0,18.0,26.008976,0.0,100.0,18.72,82.64708,0.0,0.0,0.0,0.0,20.12,0.0,4.455497,0.0
ZUUU,2021-09	508.0,32.0,19.0,24.70819,0.0,100.0,33.56,80.961365,0.0,0.0,0.0,0.0,17.88,0.0,4.6279707,0.0
ZUUU,2021-10	508.0,31.0,13.0,17.6875,0.0,100.0,49.37,85.860374,0.0,0.0,0.0,0.0,22.35,0.0,3.5304675,0.0
ZUUU,2021-11	508.0,19.0,5.0,11.739039,0.0,93.4,25.32,70.67264,0.0,0.0,0.0,0.0,22.35,0.0,3.0999086,0.0
ZUUU,2021-12	508.0,16.0,-1.0,8.826262,0.0,100.0,30.4,72.66805,0.0,0.0,0.0,0.0,20.12,0.0,3.8851404,0.0
