BOS,01	9.0,15.001001,-14.81,0.08556086,0.0,98.633,21.795002,65.046326,0.0,7.0,6.0,0.0,34.96,0.0,12.193834,0.0
BOS,02	9.0,14.659001,-13.168001,0.4969526,0.0,98.652,21.929998,66.085014,0.0,0.0,7.0,6.0,35.189995,0.0,11.734983,0.0
BOS,03	9.0,19.433,-9.169,3.560526,0.0,98.884995,15.033999,62.398018,0.0,7.0,6.0,0.0,37.277996,0.0,12.648068,0.0
BOS,04	9.0,23.789999,-0.96500003,8.915327,0.0,98.908,14.617,64.41313,0.0,0.0,6.0,7.0,34.614998,0.0,12.312988,0.0
BOS,05	9.0,31.549,5.387,14.483194,0.0,98.982,17.795,70.024734,0.0,6.0,7.0,0.0,27.714996,0.0,10.344421,0.0
BOS,06	9.0,32.913002,10.386,19.700165,0.0,99.294,24.503,69.66619,0.0,0.0,6.0,7.0,28.980001,0.0,10.156135,0.0
BOS,07	9.0,34.889,15.342,23.269863,0.0,98.792,28.563,71.16084,0.0,6.0,7.0,0.0,30.820002,0.0,9.503306,0.0
BOS,08	9.0,33.600998,15.4869995,22.979645,0.0,98.749,28.775,70.27299,0.0,0.0,6.0,7.0,25.185001,0.0,9.294407,0.0
BOS,09	9.0,32.318,9.286,19.375122,0.0,98.035995,29.083002,72.5593,0.0,0.0,6.0,7.0,29.094997,0.0,9.748671,0.0
BOS,10	9.0,26.393,2.3300002,13.734596,0.0,99.062,27.296001,74.12996,0.0,7.0,6.0,0.0,38.295,0.0,11.068282,0.0
BOS,11	9.0,21.431,-4.5889997,7.1385674,0.0,98.566,20.527,66.35364,0.0,0.0,7.0,6.0,32.315,0.0,11.184724,0.0
BOS,12	9.0,16.598,-9.475,3.0893178,0.0,98.965004,25.622997,70.32871,0.0,0.0,7.0,6.0,34.626995,0.0,11.117365,0.0
ZUUU,01	508.0,16.3,-0.9,7.2890387,0.0,98.685005,26.085001,76.55917,0.0,0.0,7.0,6.0,16.093998,0.0,3.2067096,0.0
ZUUU,02	508.0,20.5,1.2,9.657281,0.0,98.7,26.338999,72.60185,0.0,0.0,7.0,6.0,17.436,0.0,3.7583718,0.0
ZUUU,03	508.0,26.4,5.8,14.722876,0.0,98.758,24.493002,70.44,0.0,0.0,7.0,4.0,17.881,0.0,4.175822,0.0
ZUUU,04	508.0,31.4,10.4,19.102667,0.0,98.78,24.515,70.07767,0.0,0.0,7.0,6.0,21.234999,0.0,4.422665,0.0
ZUUU,05	508.0,33.8,14.6,22.60522,0.0,98.80299,23.115997,68.80176,0.0,0.0,7.0,6.0,21.459,0.0,4.6574545,0.0
ZUUU,06	508.0,34.1,18.2,25.205273,0.0,98.815,27.897999,75.0641,0.0,0.0,7.0,6.0,18.553001,0.0,4.1746016,0.0
ZUUU,07	508.0,36.7,20.9,26.835327,0.0,98.833,34.274998,77.41307,0.0,0.0,7.0,6.0,22.130001,0.0,4.0162783,0.0
ZUUU,08	508.0,36.8,19.8,26.839954,0.0,98.833,32.437,77.941956,0.0,0.0,7.0,6.0,21.236,0.0,4.155388,0.0
ZUUU,09	508.0,32.2,17.1,22.695911,0.0,99.401,35.883,82.13543,0.0,0.0,7.0,6.0,17.212002,0.0,3.9694335,0.0
ZUUU,10	508.0,27.7,11.8,18.307966,0.0,98.79399,37.715,81.75966,0.0,0.0,7.0,4.0,17.213001,0.0,3.5639706,0.0
ZUUU,11	508.0,22.0,4.7,13.164454,0.0,98.705,32.476,78.33428,0.0,0.0,7.0,6.0,15.647998,0.0,3.2324593,0.0
ZUUU,12	508.0,16.3,0.1,8.219506,0.0,99.35,28.116999,78.36587,0.0,0.0,7.0,4.0,15.2,0.0,2.948938,0.0
